function E = Eg(x,y)

E = 1.35 - 1.17*y + 0.668*(1-x) - 0.069*y.*(1-x) + 0.18*y.^2 + 0.03*(1-x).*y.^2 + 0.758*(1-x).^2 - 0.322*y.*(1-x).^2; %InGaAsP
%E = 1.424 + 1.594*x + x.*(1-x).*(0.127-1.31*x);%AlGaAs
E = 1.6e-19 * E;